9
10
18
35
37
40
42
46
59
75
84
85
88
104
106
110
123
127
145
148
151
158
162
166
171
172
176
178
184
186
187
193
211
215
220
222
233
234
237
248
249
259
267
272
278
282
283
289
296
304
307
310
312
317
327
334
339
341
353
358
364
366
372
377
378
383
396
411
413
419
422
427
429
430
435
438
441
445
457
472
475
490
492
496
507
516
526
527
531
532
534
543
544
549
556
558
564
565
570
582
584
585
592
595
598
599
600
607
616
619
620
621
622
623
627
658
663
668
669
673
675
678
679
684
686
687
688
705
707
723
724
725
735
739
742
743
745
750
753
754
755
756
762
763
769
774
776
779
782
788
789
790
800
804
817
832
845
846
848
856
865
866
869
874
878
879
882
890
905
922
926
928
938
940
945
958
962
974
977
994
1001
1004
1008
1011
1018
1019
1025
1028
1030
1037
1044
1055
1057
1067
1073
1080
1083
1098
1110
1113
1114
1118
1122
1126
1131
1132
1135
1137
1152
1163
1167
1175
1191
1195
1196
1198
1199
1204
1208
1216
1217
1220
1232
1235
1236
1237
1244
1245
1250
1252
1259
1264
1265
1277
1283
1286
1288
1297
1300
1301
1302
1306
1314
1315
1326
1327
1361
1364
1369
1372
1379
1383
1384
1399
1402
1406
1409
1417
1421
1423
1426
1430
1435
1443
1445
1446
1451
1454
1461
1467
1468
1471
1472
1480
1481
1495
1505
1508
1509
1510
1514
1516
1518
1524
1525
1527
1531
1546
1548
1549
1555
1556
1558
1566
1568
1572
1578
1582
1584
1585
1586
1589
1590
1591
1594
1600
1609
1625
1630
1649
1663
1665
1666
1667
1675
1676
1677
1680
1686
1687
1698
1699
1710
1712
1729
1738
1740
1746
1747
1748
1755
1759
1761
1764
1766
1771
1782
1789
1791
1798
1802
1803
1806
1807
1810
1812
1816
1823
1844
1862
1868
1869
1874
1877
1880
1881
1883
1886
1890
1894
1896
1899
1906
1907
1913
1920
1929
1931
1934
1947
1948
1951
1952
1959
1960
1964
1972
1974
1975
1978
1984
1997
2003
2005
2006
2009
2011
2017
2022
2023
2032
2043
2056
2061
2072
2073
2078
2083
2091
2092
2108
2111
2116
2118
2124
2134
2144
2148
2149
2150
2170
2172
2173
2183
2192
2201
2212
2220
2227
2229
2231
2232
2246
2249
2251
2253
2257
2261
2273
2279
2289
2293
2294
2297
2310
2313
2320
2321
2322
2332
2333
2339
2349
2357
2362
2366
2367
2370
2373
2385
2389
2399
2400
2404
2413
2421
2424
2425
2429
2433
2435
2437
2440
2443
2447
2451
2452
2458
2459
2465
2466
2471
2477
2478
2497
2498
2505
2508
2510
2515
2523
2535
2536
2537
2540
2544
2547
2549
2551
2556
2562
2564
2566
2567
2568
2569
2578
2581
2582
2586
2588
2590
2595
2597
2598
2600
2604
2607
2612
2615
2619
2631
2632
2633
2646
2651
2652
2662
2670
2673
2675
2679
2682
2695
2703
2706
2708
2724
2729
2732
2740
2750
2752
2753
2768
2772
2787
2797
2798
2806
2809
2812
2813
2820
2822
2826
2834
2837
2838
2840
2842
2851
2865
2872
2877
2885
2890
2897
2903
2911
2914
2926
2931
2932
2933
2941
2944
2950
2953
2965
2970
2975
2982
2989
2994
2998
3000
3003
3008
3011
3016
3023
3025
3029
3030
3035
3049
3051
3052
3053
3055
3087
3089
3094
3096
3106
3108
3114
3116
3121
3130
3131
3134
3135
3140
3150
3153
3156
3160
3167
3184
3185
3188
3189
3201
3204
3213
3215
3221
3241
3242
3243
3246
3252
3255
3256
3257
3267
3271
3274
3277
3283
3287
3292
3293
3302
3313
3314
3317
3322
3328
3342
3356
3358
3360
3370
3376
3382
3383
3392
3394
3395
3403
3411
3428
3438
3439
3447
3448
3453
3456
3462
3467
3469
3475
3491
3495
3498
3505
3513
3514
3522
3530
3549
3551
3556
3562
3572
3580
3582
3584
3586
3588
3589
3591
3598
3600
3618
3619
3621
3624
3630
3632
3639
3641
3643
3644
3645
3646
3647
3651
3661
3664
3667
3669
3674
3677
3681
3685
3694
3713
3723
3729
3737
3739
3743
3748
3750
3754
3763
3772
3774
3777
3781
3790
3793
3796
3800
3818
3824
3827
3829
3845
3848
3850
3852
3860
3864
3870
3882
3890
3895
3896
3902
3903
3906
3908
3909
3912
3914
3922
3931
3933
3936
3938
3940
3943
3949
3950
3953
3954
3958
3961
3966
3969
3973
3975
3978
3983
4001
4010
4015
4019
4024
4025
4028
4029
4031
4038
4043
4060
4062
4066
4081
4082
4084
4086
4091
4100
4105
4106
4107
4112
4116
4120
4127
4128
4132
4136
4137
4138
4139
4142
4151
4152
4154
4166
4167
4176
4183
4185
4186
4195
4200
4201
4205
4207
4209
4211
4215
4221
4223
4236
4247
4248
1
12
25
27
33
39
41
44
49
51
56
61
65
69
82
87
94
101
111
113
125
128
140
143
149
164
165
170
173
175
179
183
190
196
201
207
210
212
213
214
216
223
243
261
265
291
297
298
300
306
308
313
316
321
324
330
333
335
340
342
343
363
368
369
370
373
375
384
385
389
390
391
397
404
406
428
431
434
437
451
453
469
486
493
503
511
513
514
519
530
535
538
553
557
569
573
580
588
596
597
602
604
605
617
629
634
642
645
646
647
651
652
656
660
661
683
692
701
710
715
722
728
731
741
758
760
764
765
771
773
780
786
798
805
807
812
815
819
820
824
830
831
839
840
844
864
871
876
883
884
887
893
894
904
909
912
914
916
918
935
939
944
949
954
961
964
970
975
979
980
984
985
995
996
997
999
1002
1003
1012
1017
1022
1024
1031
1036
1038
1041
1042
1043
1048
1049
1061
1063
1070
1072
1078
1086
1090
1092
1100
1104
1108
1109
1111
1117
1120
1129
1143
1153
1160
1161
1164
1168
1176
1178
1179
1183
1189
1193
1201
1222
1224
1231
1234
1241
1254
1273
1274
1278
1279
1281
1287
1290
1298
1304
1321
1323
1329
1331
1336
1337
1338
1341
1348
1350
1351
1352
1354
1355
1359
1362
1366
1371
1373
1374
1382
1385
1394
1401
1407
1412
1416
1419
1424
1437
1450
1453
1455
1458
1459
1464
1470
1474
1475
1477
1479
1485
1490
1499
1500
1502
1513
1521
1526
1530
1533
1538
1539
1552
1553
1569
1571
1574
1576
1581
1596
1601
1605
1607
1610
1613
1616
1618
1621
1626
1629
1637
1645
1646
1664
1669
1674
1678
1684
1689
1690
1696
1702
1705
1706
1709
1713
1714
1716
1718
1725
1728
1731
1732
1734
1736
1737
1750
1752
1753
1762
1765
1767
1770
1772
1777
1780
1781
1784
1787
1788
1797
1800
1814
1817
1821
1824
1828
1834
1843
1846
1855
1863
1866
1872
1878
1888
1897
1902
1903
1908
1911
1918
1923
1925
1927
1932
1933
1943
1950
1955
1957
1958
1976
1982
1990
1991
1999
2001
2007
2010
2013
2014
2016
2021
2025
2030
2034
2035
2038
2040
2042
2052
2053
2055
2059
2063
2066
2077
2079
2081
2085
2086
2089
2096
2098
2100
2103
2107
2113
2119
2126
2136
2142
2146
2158
2159
2176
2178
2179
2180
2195
2199
2233
2238
2248
2254
2258
2263
2264
2270
2281
2286
2295
2302
2304
2306
2318
2334
2338
2342
2343
2345
2351
2354
2360
2361
2374
2376
2379
2380
2386
2392
2395
2403
2405
2410
2412
2422
2427
2436
2442
2450
2453
2457
2460
2472
2479
2481
2482
2484
2485
2490
2499
2506
2520
2522
2527
2534
2538
2541
2542
2548
2550
2560
2563
2574
2577
2579
2584
2599
2601
2608
2614
2618
2626
2627
2629
2649
2653
2656
2663
2665
2672
2676
2677
2680
2685
2686
2687
2689
2700
2702
2711
2716
2719
2730
2733
2736
2742
2743
2744
2745
2754
2760
2762
2773
2774
2790
2796
2807
2815
2841
2853
2856
2858
2862
2869
2881
2883
2884
2891
2900
2901
2905
2906
2915
2935
2936
2938
2943
2956
2960
2967
2972
2980
2983
2984
2992
2997
3006
3013
3014
3015
3018
3021
3026
3042
3043
3046
3048
3057
3065
3067
3070
3086
3090
3091
3093
3099
3100
3110
3111
3124
3132
3138
3143
3163
3174
3175
3183
3186
3187
3192
3193
3197
3210
3217
3218
3219
3227
3261
3262
3263
3296
3298
3306
3308
3319
3327
3330
3332
3334
3341
3343
3346
3347
3348
3351
3354
3362
3363
3371
3380
3381
3389
3393
3406
3413
3414
3415
3421
3433
3434
3444
3451
3454
3455
3457
3458
3459
3473
3481
3483
3486
3489
3499
3501
3509
3510
3511
3517
3519
3521
3527
3529
3531
3537
3539
3540
3544
3553
3560
3565
3567
3573
3574
3576
3577
3579
3581
3587
3592
3599
3601
3604
3607
3610
3611
3614
3617
3623
3625
3627
3629
3631
3653
3668
3673
3675
3684
3687
3688
3696
3701
3702
3712
3716
3717
3727
3738
3741
3742
3744
3751
3755
3761
3769
3776
3780
3786
3789
3791
3794
3795
3806
3810
3819
3828
3833
3836
3841
3846
3849
3853
3866
3867
3881
3886
3888
3892
3905
3910
3911
3932
3947
3948
3951
3959
3963
3964
3977
3988
3991
3992
3993
3995
3996
3997
3998
4009
4011
4014
4023
4034
4040
4041
4045
4052
4054
4058
4067
4073
4075
4076
4087
4118
4123
4125
4126
4131
4133
4134
4144
4146
4147
4149
4153
4158
4169
4178
4182
4194
4204
4208
4226
4232
4239
5
7
19
22
47
48
63
73
89
93
105
109
112
116
119
124
132
133
134
138
150
154
160
163
180
182
188
205
206
208
225
227
244
245
252
256
263
266
268
271
279
280
281
293
301
302
309
311
320
325
326
331
332
347
350
352
355
356
367
380
381
386
393
395
401
403
409
415
421
433
444
452
458
459
460
467
470
471
473
477
487
491
500
502
506
508
520
522
525
533
542
547
589
591
593
610
611
625
628
633
638
643
649
682
698
700
704
714
716
717
718
720
721
737
746
757
761
768
772
778
781
791
793
801
802
808
809
813
825
833
834
835
837
842
851
858
860
861
867
868
877
896
900
906
907
911
921
929
930
936
943
946
947
952
953
956
967
969
986
993
1020
1027
1029
1033
1040
1051
1052
1053
1062
1065
1069
1074
1075
1077
1079
1085
1087
1097
1105
1115
1128
1144
1145
1150
1154
1156
1157
1158
1165
1169
1173
1188
1190
1192
1202
1218
1219
1226
1228
1233
1246
1247
1263
1266
1269
1272
1276
1284
1299
1303
1305
1307
1309
1311
1312
1317
1318
1328
1330
1334
1339
1342
1343
1346
1349
1365
1368
1370
1375
1376
1377
1378
1380
1381
1393
1398
1404
1408
1410
1413
1415
1420
1431
1447
1449
1466
1469
1476
1491
1492
1501
1507
1537
1540
1543
1547
1557
1561
1563
1570
1573
1580
1588
1597
1611
1614
1615
1617
1620
1622
1631
1633
1636
1639
1640
1648
1659
1670
1683
1691
1697
1704
1711
1724
1739
1751
1754
1757
1763
1776
1799
1801
1808
1811
1813
1819
1825
1829
1832
1847
1858
1859
1860
1867
1871
1884
1887
1889
1891
1909
1910
1917
1924
1928
1935
1937
1940
1961
1963
1966
1968
1973
1977
1983
1988
1989
1998
2020
2026
2028
2029
2037
2045
2046
2048
2050
2064
2067
2068
2069
2084
2093
2094
2095
2104
2115
2130
2133
2137
2138
2141
2143
2145
2147
2154
2174
2181
2185
2187
2188
2196
2205
2209
2219
2223
2224
2226
2228
2237
2240
2255
2266
2267
2274
2301
2305
2314
2324
2326
2328
2340
2341
2350
2368
2369
2372
2377
2383
2396
2415
2431
2434
2439
2454
2461
2462
2463
2474
2483
2488
2494
2500
2501
2503
2512
2525
2528
2529
2543
2545
2554
2571
2606
2610
2611
2621
2623
2624
2628
2637
2638
2639
2640
2643
2647
2655
2658
2659
2666
2668
2678
2681
2683
2684
2693
2698
2699
2712
2720
2721
2726
2728
2735
2751
2758
2764
2770
2778
2786
2788
2801
2802
2804
2810
2811
2816
2823
2828
2832
2833
2843
2844
2845
2846
2849
2859
2861
2882
2886
2888
2896
2904
2907
2912
2916
2917
2918
2929
2937
2940
2942
2954
2964
2976
2978
2987
2991
3001
3002
3017
3019
3020
3033
3036
3056
3073
3103
3117
3123
3125
3127
3142
3144
3154
3161
3166
3171
3176
3177
3190
3198
3199
3202
3206
3209
3214
3224
3225
3231
3234
3245
3250
3254
3258
3268
3270
3281
3286
3290
3294
3299
3305
3307
3315
3337
3353
3372
3385
3404
3405
3410
3416
3419
3422
3423
3436
3460
3461
3466
3470
3474
3476
3480
3484
3494
3496
3497
3500
3502
3507
3516
3524
3532
3533
3538
3548
3554
3558
3561
3564
3575
3590
3593
3597
3613
3622
3634
3635
3637
3642
3654
3660
3670
3676
3683
3686
3703
3706
3707
3722
3735
3740
3747
3752
3758
3768
3773
3799
3802
3805
3808
3813
3814
3815
3821
3823
3835
3840
3844
3868
3875
3876
3877
3878
3894
3898
3899
3913
3917
3921
3925
3934
3956
3960
3968
3984
4002
4003
4007
4012
4018
4026
4030
4033
4037
4055
4059
4065
4069
4071
4074
4077
4088
4094
4099
4101
4113
4129
4130
4141
4159
4160
4164
4170
4179
4184
4187
4193
4203
4213
4220
4230
4233
