114
203
315
337
351
447
539
670
690
736
740
836
891
1367
1386
1575
1604
1652
1727
1901
2031
2090
2110
2312
2398
2539
2602
2707
2714
2800
2817
2985
3012
3239
3311
3396
3478
3503
3557
3603
3666
3724
3837
3857
3862
3916
3942
3974
3990
4117
4173
4218
4227
62
90
102
115
156
159
202
376
432
521
548
581
631
777
784
847
849
850
932
1035
1182
1240
1363
1390
1434
1595
1682
1723
1745
1783
1914
1953
2000
2012
2057
2087
2268
2278
2323
2335
2464
2492
2587
2690
2722
2757
2795
2799
2995
3062
3072
3078
3148
3170
3237
3282
3301
3338
3418
3463
3479
3536
3541
3569
3612
3665
3691
3693
3745
3753
3889
3904
4013
4237
4241
4246
107
219
236
250
254
286
359
392
412
417
484
498
510
561
562
587
608
816
826
957
971
1006
1015
1034
1066
1084
1124
1159
1166
1206
1212
1282
1285
1357
1396
1456
1465
1486
1506
1517
1528
1550
1554
1559
1602
1715
1758
1822
1837
1840
1850
1865
1938
1944
1985
1994
2120
2177
2182
2206
2272
2282
2381
2491
2495
2524
2546
2561
2593
2697
2776
2793
2898
2908
2957
3005
3037
3054
3061
3084
3136
3141
3203
3312
3326
3555
3563
3595
3657
3689
3756
3757
3766
3803
3838
3855
3919
3939
4102
4157
4168
4219
4231
26
29
31
53
83
169
174
185
224
230
257
258
287
314
329
336
338
400
449
463
464
483
517
518
568
577
586
653
655
671
676
694
697
749
785
881
892
898
931
960
963
968
972
978
987
1021
1050
1071
1091
1123
1147
1148
1155
1177
1194
1223
1242
1267
1268
1358
1427
1428
1448
1452
1488
1523
1532
1564
1628
1638
1647
1673
1721
1722
1741
1796
1818
1820
1831
1861
1870
1900
1979
2051
2062
2106
2139
2165
2168
2175
2186
2211
2215
2218
2235
2244
2290
2292
2329
2336
2346
2347
2356
2359
2363
2391
2393
2432
2475
2493
2502
2521
2533
2553
2555
2570
2594
2605
2622
2654
2705
2718
2747
2755
2763
2765
2794
2848
2852
2874
2892
2924
2934
2955
2969
2973
3024
3031
3045
3074
3076
3079
3080
3113
3165
3200
3208
3212
3303
3316
3325
3336
3350
3352
3357
3377
3386
3407
3425
3452
3542
3605
3640
3658
3678
3730
3765
3778
3779
3783
3788
3792
3820
3842
3847
3851
3871
3872
3880
3918
3923
3941
3962
3970
3971
3986
4000
4005
4035
4044
4072
4083
4114
4155
4163
4165
4190
4199
4224
4229
0
4
6
8
13
14
34
58
60
67
68
71
72
81
96
97
100
117
120
129
130
135
137
139
141
146
152
181
191
192
199
270
273
275
276
288
299
303
319
346
360
388
394
402
405
410
420
423
448
454
456
468
474
476
479
482
499
501
505
523
529
537
540
571
574
576
601
615
630
648
650
659
667
689
691
711
713
719
732
733
751
752
766
783
787
810
821
859
862
888
897
902
910
913
915
925
934
942
951
955
988
990
991
992
998
1005
1032
1047
1059
1076
1081
1093
1094
1103
1112
1125
1127
1134
1139
1197
1207
1225
1251
1253
1256
1261
1271
1280
1289
1294
1308
1316
1332
1340
1345
1353
1389
1392
1395
1411
1422
1441
1462
1478
1482
1487
1494
1498
1519
1520
1529
1534
1536
1542
1562
1567
1587
1592
1627
1632
1641
1642
1650
1658
1660
1662
1672
1695
1700
1719
1742
1744
1756
1773
1775
1785
1792
1809
1826
1842
1845
1849
1853
1856
1876
1885
1912
1915
1919
1939
1946
1956
1965
1969
1981
1986
1996
2019
2027
2044
2049
2075
2099
2101
2102
2131
2132
2164
2184
2193
2198
2204
2217
2234
2241
2243
2250
2276
2284
2291
2299
2316
2325
2330
2353
2371
2382
2384
2407
2408
2419
2441
2449
2455
2489
2511
2559
2575
2576
2585
2645
2650
2664
2667
2694
2709
2713
2731
2737
2739
2779
2781
2782
2792
2805
2824
2836
2854
2870
2880
2899
2909
2913
2930
2939
2947
2949
2962
2971
2977
2979
2981
2986
2993
2999
3032
3034
3038
3060
3071
3082
3088
3098
3102
3118
3120
3128
3129
3133
3158
3169
3172
3173
3195
3196
3222
3238
3240
3259
3260
3265
3278
3280
3284
3285
3318
3323
3331
3339
3340
3365
3369
3373
3375
3390
3400
3412
3427
3440
3441
3465
3471
3487
3493
3525
3534
3552
3568
3594
3596
3606
3608
3662
3663
3671
3680
3690
3698
3704
3708
3719
3770
3771
3775
3812
3854
3856
3893
3924
3937
3952
3980
3981
3985
3987
3994
3999
4022
4032
4042
4051
4057
4063
4068
4070
4090
4092
4096
4108
4111
4124
4150
4162
4180
4234
4242
4244
4245
4249
3
16
20
30
32
54
55
95
108
121
131
144
153
155
177
197
200
204
221
228
232
235
238
239
240
246
247
253
284
290
292
295
318
328
348
374
379
382
387
407
414
424
436
450
461
478
494
509
512
524
541
545
546
551
552
560
566
572
575
578
579
594
603
606
612
614
624
632
635
662
664
666
699
703
706
712
726
727
729
730
734
747
748
767
794
795
811
814
822
823
827
829
841
889
899
920
927
933
937
941
959
966
973
976
982
989
1009
1013
1026
1045
1056
1060
1064
1068
1082
1088
1095
1096
1101
1107
1121
1130
1138
1142
1149
1151
1172
1181
1185
1187
1210
1214
1243
1248
1249
1255
1260
1292
1310
1313
1324
1325
1333
1344
1347
1387
1400
1403
1432
1433
1436
1439
1444
1457
1460
1484
1493
1496
1497
1504
1522
1535
1541
1544
1545
1579
1583
1593
1608
1619
1623
1643
1644
1668
1671
1685
1693
1694
1701
1703
1708
1717
1720
1726
1749
1768
1779
1786
1794
1804
1835
1836
1838
1839
1848
1852
1882
1892
1895
1898
1904
1936
1942
1970
1980
1987
2002
2015
2024
2033
2047
2054
2070
2071
2080
2088
2097
2109
2122
2125
2153
2160
2162
2163
2166
2169
2189
2190
2197
2203
2210
2214
2230
2252
2262
2265
2298
2300
2309
2317
2352
2364
2365
2387
2388
2390
2409
2411
2418
2420
2423
2445
2468
2487
2514
2516
2526
2530
2531
2532
2565
2592
2603
2613
2616
2620
2630
2634
2636
2641
2669
2671
2688
2701
2704
2738
2749
2756
2767
2775
2777
2780
2789
2814
2819
2827
2835
2839
2847
2850
2863
2864
2875
2879
2889
2893
2902
2921
2922
2923
2925
2928
2946
2958
2966
2968
2974
2988
3004
3007
3010
3022
3028
3040
3050
3064
3066
3075
3081
3083
3092
3095
3119
3137
3145
3146
3152
3157
3162
3178
3191
3211
3236
3248
3249
3253
3264
3272
3289
3320
3329
3333
3335
3344
3355
3361
3366
3368
3378
3387
3397
3399
3408
3409
3420
3426
3429
3431
3437
3450
3468
3488
3490
3492
3504
3506
3508
3515
3518
3520
3523
3526
3545
3546
3570
3571
3583
3602
3615
3620
3626
3628
3638
3648
3659
3700
3709
3710
3715
3718
3725
3736
3749
3785
3787
3797
3804
3809
3811
3830
3843
3858
3859
3861
3869
3883
3885
3900
3926
3930
3935
3955
3965
3972
3976
3979
4016
4020
4027
4039
4046
4050
4056
4061
4080
4089
4095
4110
4115
4135
4177
4181
4191
4192
4196
4214
4217
4222
4228
2
11
15
17
21
23
24
28
36
38
43
45
50
52
57
64
66
70
74
76
77
78
79
80
86
91
92
98
99
103
118
122
126
136
142
147
157
161
167
168
189
194
195
198
209
217
218
226
229
231
241
242
251
255
260
262
264
269
274
277
285
294
305
322
323
344
345
349
354
357
361
362
365
371
398
399
408
416
418
425
426
439
440
442
443
446
455
462
465
466
480
481
485
488
489
495
497
504
515
528
536
550
554
555
559
563
567
583
590
609
613
618
626
636
637
639
640
641
644
654
657
665
672
674
677
680
681
685
693
695
696
702
708
709
738
744
759
770
775
792
796
797
799
803
806
818
828
838
843
852
853
854
855
857
863
870
872
873
875
880
885
886
895
901
903
908
917
919
923
924
948
950
965
981
983
1000
1007
1010
1014
1016
1023
1039
1046
1054
1058
1089
1099
1102
1106
1116
1119
1133
1136
1140
1141
1146
1162
1170
1171
1174
1180
1184
1186
1200
1203
1205
1209
1211
1213
1215
1221
1227
1229
1230
1238
1239
1257
1258
1262
1270
1275
1291
1293
1295
1296
1319
1320
1322
1335
1356
1360
1388
1391
1397
1405
1414
1418
1425
1429
1438
1440
1442
1463
1473
1483
1489
1503
1511
1512
1515
1551
1560
1565
1577
1598
1599
1603
1606
1612
1624
1634
1635
1651
1653
1654
1655
1656
1657
1661
1679
1681
1688
1692
1707
1730
1733
1735
1743
1760
1769
1774
1778
1790
1793
1795
1805
1815
1827
1830
1833
1841
1851
1854
1857
1864
1873
1875
1879
1893
1905
1916
1921
1922
1926
1930
1941
1945
1949
1954
1962
1967
1971
1992
1993
1995
2004
2008
2018
2036
2039
2041
2058
2060
2065
2074
2076
2082
2105
2112
2114
2117
2121
2123
2127
2128
2129
2135
2140
2151
2152
2155
2156
2157
2161
2167
2171
2191
2194
2200
2202
2207
2208
2213
2216
2221
2222
2225
2236
2239
2242
2245
2247
2256
2259
2260
2269
2271
2275
2277
2280
2283
2285
2287
2288
2296
2303
2307
2308
2311
2315
2319
2327
2331
2337
2344
2348
2355
2358
2375
2378
2394
2397
2401
2402
2406
2414
2416
2417
2426
2428
2430
2438
2444
2446
2448
2456
2467
2469
2470
2473
2476
2480
2486
2496
2504
2507
2509
2513
2517
2518
2519
2552
2557
2558
2572
2573
2580
2583
2589
2591
2596
2609
2617
2625
2635
2642
2644
2648
2657
2660
2661
2674
2691
2692
2696
2710
2715
2717
2723
2725
2727
2734
2741
2746
2748
2759
2761
2766
2769
2771
2783
2784
2785
2791
2803
2808
2818
2821
2825
2829
2830
2831
2855
2857
2860
2866
2867
2868
2871
2873
2876
2878
2887
2894
2895
2910
2919
2920
2927
2945
2948
2951
2952
2959
2961
2963
2990
2996
3009
3027
3039
3041
3044
3047
3058
3059
3063
3068
3069
3077
3085
3097
3101
3104
3105
3107
3109
3112
3115
3122
3126
3139
3147
3149
3151
3155
3159
3164
3168
3179
3180
3181
3182
3194
3205
3207
3216
3220
3223
3226
3228
3229
3230
3232
3233
3235
3244
3247
3251
3266
3269
3273
3275
3276
3279
3288
3291
3295
3297
3300
3304
3309
3310
3321
3324
3345
3349
3359
3364
3367
3374
3379
3384
3388
3391
3398
3401
3402
3417
3424
3430
3432
3435
3442
3443
3445
3446
3449
3464
3472
3477
3482
3485
3512
3528
3535
3543
3547
3550
3559
3566
3578
3585
3609
3616
3633
3636
3649
3650
3652
3655
3656
3672
3679
3682
3692
3695
3697
3699
3705
3711
3714
3720
3721
3726
3728
3731
3732
3733
3734
3746
3759
3760
3762
3764
3767
3782
3784
3798
3801
3807
3816
3817
3822
3825
3826
3831
3832
3834
3839
3863
3865
3873
3874
3879
3884
3887
3891
3897
3901
3907
3915
3920
3927
3928
3929
3944
3945
3946
3957
3967
3982
3989
4004
4006
4008
4017
4021
4036
4047
4048
4049
4053
4064
4078
4079
4085
4093
4097
4098
4103
4104
4109
4119
4121
4122
4140
4143
4145
4148
4156
4161
4171
4172
4174
4175
4188
4189
4197
4198
4202
4206
4210
4212
4216
4225
4235
4238
4240
4243
5
7
19
22
47
48
63
73
89
93
105
109
112
116
119
124
132
133
134
138
150
154
160
163
180
182
188
205
206
208
225
227
244
245
252
256
263
266
268
271
279
280
281
293
301
302
309
311
320
325
326
331
332
347
350
352
355
356
367
380
381
386
393
395
401
403
409
415
421
433
444
452
458
459
460
467
470
471
473
477
487
491
500
502
506
508
520
522
525
533
542
547
589
591
593
610
611
625
628
633
638
643
649
682
698
700
704
714
716
717
718
720
721
737
746
757
761
768
772
778
781
791
793
801
802
808
809
813
825
833
834
835
837
842
851
858
860
861
867
868
877
896
900
906
907
911
921
929
930
936
943
946
947
952
953
956
967
969
986
993
1020
1027
1029
1033
1040
1051
1052
1053
1062
1065
1069
1074
1075
1077
1079
1085
1087
1097
1105
1115
1128
1144
1145
1150
1154
1156
1157
1158
1165
1169
1173
1188
1190
1192
1202
1218
1219
1226
1228
1233
1246
1247
1263
1266
1269
1272
1276
1284
1299
1303
1305
1307
1309
1311
1312
1317
1318
1328
1330
1334
1339
1342
1343
1346
1349
1365
1368
1370
1375
1376
1377
1378
1380
1381
1393
1398
1404
1408
1410
1413
1415
1420
1431
1447
1449
1466
1469
1476
1491
1492
1501
1507
1537
1540
1543
1547
1557
1561
1563
1570
1573
1580
1588
1597
1611
1614
1615
1617
1620
1622
1631
1633
1636
1639
1640
1648
1659
1670
1683
1691
1697
1704
1711
1724
1739
1751
1754
1757
1763
1776
1799
1801
1808
1811
1813
1819
1825
1829
1832
1847
1858
1859
1860
1867
1871
1884
1887
1889
1891
1909
1910
1917
1924
1928
1935
1937
1940
1961
1963
1966
1968
1973
1977
1983
1988
1989
1998
2020
2026
2028
2029
2037
2045
2046
2048
2050
2064
2067
2068
2069
2084
2093
2094
2095
2104
2115
2130
2133
2137
2138
2141
2143
2145
2147
2154
2174
2181
2185
2187
2188
2196
2205
2209
2219
2223
2224
2226
2228
2237
2240
2255
2266
2267
2274
2301
2305
2314
2324
2326
2328
2340
2341
2350
2368
2369
2372
2377
2383
2396
2415
2431
2434
2439
2454
2461
2462
2463
2474
2483
2488
2494
2500
2501
2503
2512
2525
2528
2529
2543
2545
2554
2571
2606
2610
2611
2621
2623
2624
2628
2637
2638
2639
2640
2643
2647
2655
2658
2659
2666
2668
2678
2681
2683
2684
2693
2698
2699
2712
2720
2721
2726
2728
2735
2751
2758
2764
2770
2778
2786
2788
2801
2802
2804
2810
2811
2816
2823
2828
2832
2833
2843
2844
2845
2846
2849
2859
2861
2882
2886
2888
2896
2904
2907
2912
2916
2917
2918
2929
2937
2940
2942
2954
2964
2976
2978
2987
2991
3001
3002
3017
3019
3020
3033
3036
3056
3073
3103
3117
3123
3125
3127
3142
3144
3154
3161
3166
3171
3176
3177
3190
3198
3199
3202
3206
3209
3214
3224
3225
3231
3234
3245
3250
3254
3258
3268
3270
3281
3286
3290
3294
3299
3305
3307
3315
3337
3353
3372
3385
3404
3405
3410
3416
3419
3422
3423
3436
3460
3461
3466
3470
3474
3476
3480
3484
3494
3496
3497
3500
3502
3507
3516
3524
3532
3533
3538
3548
3554
3558
3561
3564
3575
3590
3593
3597
3613
3622
3634
3635
3637
3642
3654
3660
3670
3676
3683
3686
3703
3706
3707
3722
3735
3740
3747
3752
3758
3768
3773
3799
3802
3805
3808
3813
3814
3815
3821
3823
3835
3840
3844
3868
3875
3876
3877
3878
3894
3898
3899
3913
3917
3921
3925
3934
3956
3960
3968
3984
4002
4003
4007
4012
4018
4026
4030
4033
4037
4055
4059
4065
4069
4071
4074
4077
4088
4094
4099
4101
4113
4129
4130
4141
4159
4160
4164
4170
4179
4184
4187
4193
4203
4213
4220
4230
4233
