0
14
48
72
96
102
107
155
159
183
184
190
213
236
331
338
351
415
426
429
462
480
495
501
527
529
581
590
656
718
725
765
816
878
896
899
917
943
959
960
965
996
1010
1021
1070
1127
1139
1172
1177
1185
1208
1231
1293
1305
1314
1343
1369
1413
1418
1420
1426
1680
1717
1805
1829
1843
1868
1913
1979
1999
2007
2064
2076
2077
2106
2136
2151
2185
2195
2211
2295
2297
2303
2322
2349
2411
2434
2460
2466
2538
2562
2563
2588
2597
2613
2647
2659
2707
2717
2732
2758
2768
2773
2789
2805
2808
2828
2855
2872
2876
2903
2945
2986
3049
3110
3135
3156
3173
3196
3214
3226
3239
3258
3275
3351
3374
3398
3402
3407
3410
3519
3521
3558
3562
3575
3583
3610
3664
3673
3693
3736
3788
3803
3812
3825
3834
3922
3956
3979
3995
4021
4030
4052
4055
4065
4140
4150
4182
4190
4222
4233
4262
4276
4279
4280
4302
4326
4350
4365
4372
4392
4440
4456
4487
4501
4541
4547
4572
4588
4609
4638
4651
4683
4708
4718
4739
4750
4764
4825
4850
4882
4988
5015
5020
5049
5055
5082
5126
5131
5133
5136
5160
5178
5196
5201
5216
5258
5279
5282
5287
5330
5372
5393
5401
5448
5450
5519
5526
5529
5585
5608
5616
5657
5717
5803
5880
5929
5931
6022
6044
6056
6066
6085
6132
6135
6159
6175
6197
6247
6266
6272
6284
6293
6306
6463
6515
6608
6615
6616
6646
6652
6663
6676
6699
6846
6851
6878
6879
6925
6957
6974
7022
7052
7071
7225
7229
7260
7263
7304
7343
7353
7357
7404
7420
7452
7503
7587
7590
7601
7642
7673
7707
7748
7785
7793
7809
7858
7861
7950
7982
8001
8029
8052
8057
8091
8167
8280
8319
8348
8358
8442
8450
8458
8462
8485
8508
8550
8563
8635
8778
8797
8813
8837
8846
8971
8976
8980
9026
9034
9038
9043
9074
9093
9112
9132
9140
9180
9220
9276
9322
9382
9397
9457
9516
9533
9564
9565
9618
9684
9717
9728
9745
9832
9847
9869
9881
9884
9889
9953
10015
10038
10041
10050
