39
42
87
99
113
139
181
188
296
333
336
411
417
467
472
483
531
541
572
583
591
612
638
651
675
680
682
704
726
731
743
745
787
822
846
869
904
910
922
948
953
954
962
998
1025
1047
1083
1089
1094
1168
1180
1205
1237
1244
1253
1256
1263
1307
1334
1337
1376
1379
1394
1405
1406
1412
1417
1429
1494
1544
1545
1561
1570
1574
1588
1608
1661
1726
1742
1747
1754
1793
1800
1801
1811
1847
1850
1904
1918
1930
1938
1942
2022
2030
2075
2110
2118
2138
2146
2165
2170
2176
2177
2182
2189
2199
2254
2262
2267
2289
2328
2331
2337
2401
2415
2447
2452
2468
2475
2480
2494
2499
2505
2520
2543
2600
2617
2619
2636
2638
2671
2677
2724
2743
2751
2772
2793
2839
2882
2905
2919
2943
2948
2973
2977
3029
3048
3088
3158
3169
3182
3207
3218
3228
3240
3302
3326
3335
3344
3352
3454
3457
3502
3509
3511
3531
3534
3537
3544
3572
3577
3578
3589
3600
3605
3617
3632
3655
3657
3661
3685
3687
3725
3738
3739
3743
3771
3781
3858
3865
3932
3941
3982
3998
4026
4029
4031
4044
4047
4048
4087
4093
4102
4109
4122
4142
4168
4220
4221
4246
4260
4263
4353
4415
4445
4463
4465
4467
4488
4557
4599
4602
4643
4645
4702
4719
4725
4740
4743
4754
4756
4762
4778
4815
4838
4853
4898
4906
4919
4922
4972
5003
5027
5075
5139
5204
5207
5208
5217
5245
5284
5305
5307
5314
5367
5383
5389
5418
5441
5464
5466
5475
5501
5525
5541
5542
5561
5595
5615
5662
5677
5705
5716
5720
5745
5815
5821
5831
5849
5852
5904
5915
5935
5938
5943
5947
5952
5965
5976
6025
6035
6037
6038
6087
6102
6118
6119
6204
6212
6294
6295
6297
6311
6328
6373
6440
6461
6474
6511
6512
6520
6535
6544
6554
6558
6585
6595
6603
6627
6640
6654
6680
6720
6726
6763
6796
6798
6839
6847
6868
6965
6975
6977
7007
7056
7077
7156
7165
7180
7184
7205
7224
7232
7233
7236
7246
7253
7300
7321
7326
7358
7401
7440
7450
7457
7464
7489
7510
7532
7626
7652
7655
7668
7710
7711
7733
7745
7779
7797
7813
7821
7844
7890
7891
7903
7911
7918
7923
7931
7952
7954
7960
7966
8002
8049
8142
8162
8221
8222
8315
8329
8340
8363
8405
8419
8448
8500
8522
8553
8554
8615
8640
8655
8670
8677
8693
8694
8730
8751
8794
8818
8821
8877
8907
8923
8925
8946
8995
8997
9011
9027
9064
9065
9103
9121
9123
9124
9135
9136
9157
9193
9213
9263
9290
9292
9361
9377
9378
9390
9436
9443
9453
9468
9472
9483
9505
9514
9525
9530
9563
9572
9576
9589
9600
9705
9710
9719
9785
9787
9814
9819
9821
9840
9871
9897
9919
9924
9958
9961
9970
9972
9985
9993
9997
10042
10046
10079
10103
10115
10119
